70 88 284 391 428 471 479 510 524 534 542 569 571 594 616 691 699 725 730 754 776 777 824 910 916 995 1005 1025 1104 1107 1186 1275 1281 1292 1302 1304 1325 1336 1392 1398 1413 1422 1439 1452 1462 1528 1529 1535 1536 1537 1538 1541 1547 1573 1575 1593 1643 1644 1717 1718 1735 1740 1757 1758 1770 1772 1774 1819 1827 1850 1877
38 87 158 254 325 326 334 464 541 747 817 956 1056 1166 1191 1318 1460 1524 1545 1605 1619 1629 1631 1653 1659 1694 1744 1778 1781 1783 1786 1788 1801 1816 1841 1847 1881 1889 1919
20 91 133 134 230 314 353 367 487 675 701 715 756 770 935 945 955 1097 1109 1177 1201
12 116 117 120 124 125 130 145 146 431 484 742 750
12 126 441 626 627 788 805 856 1102 1197 1453 1458 1578
31 102 103 107 108 112 113 114 135 147 160 161 304 348 349 359 490 578 632 789 814 815 858 913 937 1029 1030 1043 1050 1120 1121 1233
12 522 568 615 925 972 1063 1064 1065 1165 1295 1417 1597
10 260 428 783 1184 1230 1398 1423 1431 1546 1616
34 142 375 420 498 552 553 562 665 668 678 719 723 729 732 755 758 771 787 857 944 977 1003 1011 1012 1040 1078 1161 1179 1198 1239 1264 1386 1449 1459
26 122 140 354 366 413 424 500 570 610 731 965 1070 1080 1101 1137 1138 1142 1154 1170 1172 1238 1314 1457 1599 1654 1682
33 47 57 129 186 187 188 209 244 246 416 417 418 457 476 485 557 567 581 583 703 710 712 748 765 941 1089 1092 1189 1206 1317 1352 1393 1394
62 52 57 64 82 163 172 184 311 319 338 365 412 415 417 418 454 456 468 476 486 493 497 503 608 623 624 652 666 681 682 688 689 690 694 704 711 737 745 746 946 951 967 979 1048 1124 1195 1242 1243 1260 1303 1399 1400 1404 1411 1440 1469 1489 1502 1504 1512 1550 1680
82 2 6 42 71 77 98 155 252 257 372 387 456 469 482 508 525 535 574 587 598 647 648 649 671 672 736 743 757 918 921 953 976 993 997 1052 1108 1123 1127 1129 1130 1164 1172 1187 1194 1261 1271 1296 1299 1341 1348 1389 1416 1420 1427 1428 1432 1436 1443 1496 1501 1506 1510 1553 1556 1622 1642 1669 1676 1683 1729 1765 1826 1834 1835 1838 1843 1844 1859 1866 1915 1924 1928
20 64 162 245 323 340 432 468 472 475 496 609 683 711 748 913 958 1013 1019 1037 1124
12 73 429 633 673 1016 1060 1236 1241 1357 1522 1527 1603
10 138 644 942 1438 1540 1749 1809 1844 1847 1869
19 54 143 195 196 421 437 438 462 488 657 823 870 1119 1215 1379 1488 1564 1657 1831
15 80 449 450 451 465 558 569 599 619 638 700 848 948 962 1047
10 422 494 573 650 692 716 868 911 994 1251
23 957 1324 1337 1401 1412 1425 1434 1511 1515 1542 1567 1601 1602 1607 1635 1646 1656 1664 1665 1667 1668 1685 1699
114 12 39 62 69 123 148 153 159 165 166 167 181 182 185 194 196 199 200 203 211 256 259 267 273 281 282 290 291 293 296 298 299 369 377 400 401 409 433 446 515 521 528 529 537 538 539 667 738 749 751 752 753 825 826 827 828 829 830 831 832 833 834 835 836 837 838 839 840 841 842 843 844 845 847 852 871 872 873 874 875 876 877 878 879 880 881 882 883 884 885 886 887 888 889 890 891 892 893 894 895 896 897 898 899 900 1021 1259 1265 1266 1267 1268 1269 1311 1751
75 12 39 69 123 159 165 166 167 181 182 194 196 199 200 203 211 256 259 267 273 281 282 290 291 293 296 298 299 377 401 409 433 446 515 528 529 537 538 539 667 738 749 752 753 847 871 872 873 874 875 876 877 878 879 880 881 882 883 884 885 886 887 888 889 890 891 892 893 894 895 896 897 898 899 900
70 63 65 66 67 75 76 79 118 119 136 149 150 183 193 234 235 236 237 238 239 240 303 364 393 394 395 396 397 459 460 461 473 477 483 495 519 561 575 579 580 584 585 676 677 684 785 822 823 854 860 861 999 1001 1007 1008 1009 1023 1032 1051 1057 1059 1066 1117 1125 1135 1168 1223 1258 1320 1441
180 83 84 89 110 111 127 219 220 268 272 294 309 342 370 399 499 549 586 589 596 613 617 618 629 639 643 661 662 664 696 702 721 726 733 735 759 760 761 778 781 782 846 850 851 864 928 1022 1039 1046 1053 1077 1083 1088 1099 1105 1140 1146 1167 1174 1205 1209 1220 1229 1234 1240 1247 1248 1249 1273 1274 1276 1282 1293 1298 1307 1328 1332 1333 1342 1344 1345 1347 1350 1351 1353 1354 1355 1356 1359 1362 1367 1374 1383 1385 1406 1416 1419 1424 1433 1447 1451 1465 1474 1484 1492 1498 1509 1516 1525 1526 1534 1548 1549 1557 1561 1562 1565 1569 1571 1581 1585 1586 1588 1589 1590 1592 1598 1610 1611 1612 1618 1621 1624 1637 1641 1655 1666 1671 1693 1695 1697 1698 1700 1702 1703 1705 1710 1711 1714 1721 1722 1723 1724 1726 1727 1728 1739 1741 1745 1752 1762 1763 1769 1776 1777 1779 1818 1823 1845 1846 1849 1873 1886 1888 1890 1894 1902 1904 1907 1918
33 14 17 32 74 429 1014 1280 1329 1380 1384 1387 1454 1481 1482 1636 1652 1658 1678 1707 1730 1736 1738 1756 1760 1773 1775 1794 1797 1802 1807 1822 1870 1884
18 139 191 305 306 307 322 350 368 374 728 739 816 865 891 1067 1075 1076 1563
20 619 625 670 686 766 855 908 948 962 1181 1185 1263 1297 1445 1531 1532 1539 1551 1560 1766
36 37 74 85 121 176 324 343 346 434 444 466 530 531 532 556 603 819 867 904 980 981 982 983 984 985 986 987 988 989 990 991 992 1145 1289 1381 1382
11 55 196 205 233 376 544 663 750 960 1090 1106
16 179 198 300 336 337 351 427 435 565 582 969 1000 1015 1071 1211 1519
33 38 97 255 261 263 266 270 287 301 358 362 509 564 606 634 685 706 707 708 767 917 929 949 1006 1200 1270 1322 1364 1365 1372 1376 1405 1455
14 99 123 502 590 648 920 1180 1543 1587 1640 1661 1663 1687 1857
16 455 744 859 1073 1151 1155 1156 1213 1272 1279 1306 1315 1323 1337 1396 1495
28 576 1188 1190 1212 1290 1390 1451 1461 1473 1520 1561 1576 1598 1621 1679 1686 1688 1719 1722 1780 1800 1821 1830 1848 1855 1875 1888 1903
63 18 31 58 95 154 180 185 197 202 205 291 378 383 384 398 425 426 470 491 511 512 513 588 591 595 630 635 642 695 718 869 936 966 1002 1004 1035 1042 1054 1085 1113 1132 1152 1193 1226 1235 1268 1278 1301 1410 1446 1503 1517 1519 1570 1574 1606 1634 1684 1708 1734 1759 1768 1833
33 152 157 339 385 423 439 448 481 727 769 931 973 998 1024 1091 1110 1133 1163 1199 1210 1214 1283 1346 1349 1373 1375 1397 1408 1615 1632 1638 1639 1720
10 189 386 520 947 1237 1246 1378 1414 1467 1500
33 21 47 105 106 141 142 310 321 442 444 468 474 518 523 526 527 557 600 604 621 687 705 762 780 863 934 938 939 961 1084 1219 1224 1450
11 447 933 1514 1579 1580 1608 1704 1709 1720 1813 1852
22 751 825 826 827 828 829 830 831 832 833 834 835 836 837 838 839 840 841 842 843 844 845
15 81 137 210 404 410 414 439 501 1126 1153 1173 1196 1284 1402 1623
31 151 192 208 242 243 247 248 249 250 312 313 352 361 443 674 709 866 932 950 954 968 1036 1068 1086 1217 1222 1256 1287 1366 1466 1523
41 115 144 172 190 241 251 315 341 344 345 347 492 507 560 637 651 653 654 655 656 698 713 714 775 784 912 1027 1112 1118 1157 1182 1294 1316 1340 1368 1369 1415 1444 1464 1479 1493
85 48 61 68 92 94 156 159 171 177 178 179 205 233 295 327 329 355 356 382 389 390 392 405 406 407 408 452 453 512 515 517 553 593 597 601 620 645 646 663 693 818 901 919 940 964 996 1017 1031 1034 1045 1056 1068 1069 1072 1074 1093 1094 1095 1096 1103 1150 1159 1169 1202 1221 1252 1254 1255 1257 1309 1311 1321 1327 1330 1331 1360 1361 1426 1430 1486 1566 1604 1617 1620 1742
34 6 8 9 53 55 74 85 90 201 207 302 316 360 373 376 545 546 547 548 559 566 614 622 722 772 974 1028 1122 1218 1225 1319 1335 1403 1409
22 56 59 93 100 104 170 288 330 331 332 333 403 489 506 550 551 563 592 820 903 1507 1865
111 46 101 127 174 284 440 446 555 628 660 661 943 1134 1143 1174 1176 1286 1332 1338 1465 1475 1477 1485 1499 1518 1555 1561 1568 1577 1582 1589 1591 1598 1614 1626 1627 1628 1633 1645 1650 1660 1673 1674 1675 1677 1679 1689 1692 1705 1710 1712 1733 1748 1754 1763 1764 1771 1777 1784 1787 1789 1790 1791 1792 1795 1796 1798 1799 1800 1805 1806 1810 1812 1814 1817 1824 1829 1832 1837 1839 1845 1851 1860 1867 1868 1872 1876 1878 1879 1880 1885 1895 1897 1899 1902 1903 1904 1905 1908 1909 1913 1914 1916 1917 1918 1920 1921 1922 1923 1925 1926
24 16 86 169 269 278 280 289 320 357 478 504 505 514 669 724 952 1079 1081 1144 1312 1343 1363 1395 1700
30 9 205 308 328 371 376 480 533 543 549 611 658 697 786 793 905 1017 1061 1062 1082 1114 1131 1158 1162 1209 1216 1249 1250 1370 1371
355 1 7 12 27 28 31 36 43 44 45 50 51 56 60 70 78 96 109 111 126 127 128 131 132 164 168 173 174 175 196 198 204 205 206 212 213 214 215 216 217 218 221 222 223 224 225 226 227 228 229 231 232 253 258 262 263 264 265 268 271 274 275 276 277 278 279 283 285 286 288 291 292 294 297 317 318 320 335 363 371 378 379 380 381 383 384 388 402 411 419 430 436 445 458 463 467 516 533 536 538 540 554 572 577 602 605 607 612 631 636 640 641 658 659 679 680 717 720 734 740 741 761 763 764 768 773 774 779 781 790 791 792 794 795 796 797 798 799 800 801 802 803 804 805 806 807 808 809 810 811 812 813 821 849 853 862 896 902 906 907 909 914 915 922 923 924 926 927 930 959 963 970 971 975 978 1010 1018 1020 1026 1033 1038 1041 1044 1049 1055 1058 1087 1098 1100 1111 1115 1116 1128 1136 1139 1141 1147 1148 1149 1152 1160 1171 1174 1175 1178 1183 1192 1203 1204 1207 1208 1227 1228 1231 1232 1244 1245 1249 1253 1262 1277 1285 1288 1291 1300 1305 1308 1310 1311 1313 1326 1334 1339 1358 1377 1388 1391 1407 1418 1421 1429 1435 1437 1442 1448 1456 1463 1468 1470 1471 1472 1476 1478 1480 1483 1487 1490 1491 1494 1497 1505 1508 1513 1521 1530 1533 1544 1552 1554 1558 1559 1568 1569 1572 1577 1578 1583 1584 1594 1595 1596 1600 1609 1613 1625 1630 1647 1648 1649 1651 1662 1670 1672 1681 1690 1691 1696 1701 1706 1713 1715 1716 1725 1731 1732 1737 1743 1746 1747 1750 1753 1755 1761 1767 1782 1785 1792 1793 1803 1804 1808 1811 1815 1820 1825 1828 1836 1840 1842 1853 1854 1856 1858 1861 1862 1863 1864 1871 1874 1882 1883 1887 1891 1892 1893 1896 1898 1900 1901 1906 1910 1911 1912 1927 1929